4.548985 4.5652833 4.5712302 4.5669628 4.5533824 4.5337086 4.5114653 4.4914525 4.4802874 4.4736383 4.471862 4.4765252 4.4876956 4.5040114 4.548985
2.821512 2.8032761 2.7800627 2.7565737 2.7381925 2.7295831 2.7297448 2.7382569 2.7500068 2.7649715 2.7816745 2.8022362 2.8196723 2.830463 2.821512
4.0857996 4.0880294 4.0883062 4.0911938 4.0990925 4.1129243 4.1330287 4.1597452 4.1934135 4.2321724 4.2723116 4.3083164 4.334672 4.3458638 4.3387534 4.3170745 4.2854226 4.2483929 4.2105808 4.1828103 4.1574116 4.1343792 4.1137072 4.0953899 4.0849636 4.0745467 4.0632274 4.0500937 4.034234 4.0171064 3.9993959 3.9835582 3.972049 3.9673237 3.9685338 3.972126 3.9771102 3.9824962 3.987294 3.9931215 3.9917857 3.9853782 3.9759902 3.9657131 3.9556788 3.9472963 3.9408292 3.9365411 3.9346955 3.935639 3.9398161 3.9475886 3.9593185 3.9753674 3.9910918 4.0084386 4.0261091 4.0428042 4.057225 4.0857996
2.8484076 2.8082782 2.7639799 2.7204695 2.6861491 2.6566145 2.6321727 2.6131309 2.5997961 2.5922198 2.5883686 2.5862802 2.5839924 2.5795432 2.5718183 2.5611067 2.5482432 2.5340628 2.5194001 2.508241 2.4989829 2.4933069 2.492894 2.4994253 2.5074513 2.5171747 2.5269104 2.5349732 2.5396779 2.5401552 2.5384106 2.5364342 2.5362164 2.5397474 2.5443861 2.5506696 2.5581482 2.5663723 2.5748921 2.5950949 2.6145691 2.633489 2.6520291 2.6703636 2.6900214 2.709772 2.7297441 2.7500667 2.7708685 2.7927812 2.8145599 2.8354252 2.854598 2.8712989 2.8822192 2.8906466 2.8961172 2.8981669 2.896332 2.8484076
4.4223307 4.4143866 4.4112842 4.4143119 4.4228373 4.4351915 4.4497059 4.4753896 4.502191 4.5298652 4.5581671 4.5810039 4.6009909 4.6150247 4.6200019 4.6138093 4.5983975 4.5767556 4.5518725 4.5244927 4.4975257 4.4716743 4.4476411 4.4223307
2.8491506 2.8327925 2.8160483 2.7990604 2.7831992 2.7680055 2.7530202 2.728384 2.707539 2.6949717 2.6951684 2.7068458 2.7262916 2.7498435 2.7738393 2.7953794 2.8143667 2.8314796 2.8473963 2.8632117 2.875098 2.8797218 2.8737497 2.8491506
1.7068029 1.6628521 1.6161539 1.5686262 1.5221869 1.478754 1.4385102 1.4022739 1.368795 1.3368237 1.30511 1.272404 1.2374557 1.1932049 1.1457154 1.0964105 1.0467138 0.99804846 0.95183802 0.90950584 0.8684134 0.83386459 0.8058542400000001 0.78437718 0.76942823 0.76100222 0.7590939799999999 0.76509127 0.77994566 0.80366749 0.83626709 0.87775481 0.92814098 0.98743593 1.058446 1.1375171 1.2230241 1.313342 1.4068454 1.5019094 1.5969088 1.699179 1.7995038 1.897959 1.9946202 2.0895632 2.1828637 2.2745974 2.3450584 2.4150347 2.4849457 2.5552106 2.626249 2.6984802 2.7723237 2.7905855 2.8089628 2.8274507 2.8460444 2.8647389 2.8835294 2.9024111 2.9437014 2.9851704 3.0265895 3.0677299 3.108363 3.1482602 3.1871928 3.2223903 3.2566144 3.2899247 3.3223808 3.3540422 3.3849686 3.4152196 3.4555593 3.4930469 3.5259975 3.5527262 3.5715478 3.5807774 3.57873 3.5609739 3.5286802 3.4846746 3.4317823 3.3728289 3.3106399 3.2480406 3.1360846 3.030265 2.9282553 2.8277291 2.7263598 2.6218211 2.5117864 2.4107377 2.3078055 2.2070233 2.1124242 2.0280418 1.9579094 1.9060604 1.882417 1.8660045 1.8535766 1.8418875 1.8276908 1.8077407 1.7787909 1.7068029
2.8888269 2.8563035 2.8132836 2.7631294 2.7092034 2.6548679 2.6011959 2.5503674 2.5020733 2.4560045 2.4118521 2.3693069 2.32806 2.2815798 2.2357385 2.1898545 2.143246 2.0952314 2.045129 1.9922573 1.929656 1.8632957 1.7936801 1.7213129 1.6466982 1.5703395 1.4927408 1.401557 1.3110835 1.2230307 1.1391092 1.0610292 0.99050136 0.9292360200000001 0.87660534 0.83490772 0.80315954 0.78037716 0.76557696 0.7577753 0.75598854 0.7599458100000001 0.76975264 0.7852408400000001 0.80624224 0.83258864 0.8641118800000001 0.90064377 0.93224401 0.96545079 0.99893548 1.0313695 1.0614241 1.0877707 1.1090807 1.1133463 1.1171652 1.1204674 1.1231833 1.1252432 1.1265771 1.1271155 1.1255601 1.1213156 1.1157788 1.1103468 1.1064167 1.1053853 1.1086496 1.1165155 1.1289075 1.1454235 1.1656615 1.1892195 1.2156954 1.2446871 1.2879661 1.3341759 1.3822419 1.4310895 1.4796441 1.526831 1.5715758 1.6192652 1.6627599 1.7025763 1.7392306 1.773239 1.8051178 1.8353832 1.8889192 1.9385656 1.9842772 2.0260085 2.0637141 2.0973487 2.1268669 2.1498551 2.1738538 2.2030217 2.2415172 2.2934989 2.3631252 2.4545548 2.5307171 2.6130907 2.6956985 2.7725638 2.8377095 2.8851589 2.908935 2.8888269
4.5651993 4.6378761 4.7015851 4.7450107 4.7563049 4.7590149 4.7535103 4.7401606 4.7193356 4.6917811 4.6585746 4.6210747 4.58064 4.5386294 4.5078129 4.4781021 4.4507188 4.426885 4.4078225 4.3932916 4.3846355 4.3804428 4.3793023 4.3798027 4.3817843 4.3864757 4.3960167 4.4125468 4.4382059 4.5651993
2.9161294 2.8731325 2.8117763 2.7383968 2.6967531 2.6552894 2.6157972 2.580068 2.5498932 2.5267945 2.5103312 2.499891 2.4948616 2.4946309 2.497261 2.5025774 2.5110284 2.5230621 2.5391269 2.5617991 2.5890132 2.6198657 2.6534529 2.6888712 2.7461595 2.8019186 2.8523165 2.8935212 2.9217009 2.9161294
4.325184 4.2437774 4.150829 4.0631536 4.0052566 3.9597276 3.9242047 3.8963256 3.8737284 3.8585035 3.8476256 3.8435785 3.8488461 3.8659121 3.897697 3.9402855 3.9889541 4.038979 4.0856367 4.1187209 4.1467628 4.1702118 4.1895171 4.2051281 4.2197013 4.2330324 4.2483092 4.2687195 4.2974511 4.317424 4.3385679 4.3585916 4.3752038 4.3861132 4.325184
2.9390214 2.941997 2.9555236 2.9780515 3.0022925 3.0321381 3.0682236 3.1111843 3.1616556 3.2071666 3.2544281 3.2999929 3.3404135 3.3722425 3.3934149 3.4027385 3.4014531 3.3907984 3.3720142 3.3513112 3.3266466 3.2987354 3.2682925 3.2360328 3.1969721 3.1574097 3.118348 3.0807895 3.0457367 3.0279392 3.0113781 2.9962344 2.982689 2.970923 2.9390214
3.7591649 3.7610634 3.7638592 3.7701954 3.7897522 3.823302 3.8720055 3.9370233 4.019516 4.1063409 4.1954946 4.2745523 4.3310889 4.3526797 4.3329558 4.2811012 4.2080234 4.1246297 4.0418278 3.960546 3.8920366 3.8346902 3.7868969 3.7470474 3.7275615 3.7110601 3.6984883 3.6907911 3.6889134 3.6944141 3.7059065 3.7205061 3.7353279 3.7474873 3.7591649
2.9442778 2.8833414 2.8127252 2.7415546 2.6518298 2.5794493 2.5239704 2.4849507 2.4619475 2.453861 2.4534359 2.4560036 2.4568955 2.4514432 2.4375995 2.4189287 2.4006093 2.3878197 2.3857385 2.4006406 2.4316715 2.4750903 2.5271561 2.5841279 2.6175149 2.652396 2.68989 2.7311158 2.7771924 2.8358609 2.8949499 2.9470464 2.9847375 3.00061 2.9442778
4.1007617 4.0887739 4.0755586 4.0580326 4.039811 4.0223895 4.0072635 3.9941437 3.9880657 3.9906659 4.0035806 4.0140359 4.0250127 4.0340112 4.0385315 4.035643 4.0253093 4.0102773 3.9932936 3.9659764 3.9423955 3.9240339 3.9123744 3.909203 3.9204128 3.9411926 3.9667309 3.9904204 4.0153831 4.0429345 4.0743901 4.0966327 4.1177836 4.1346036 4.1438537 4.1442765 4.1398 4.1319513 4.1222572 4.1007617
3.1438105 3.1313358 3.1207122 3.1150994 3.1171198 3.1254696 3.1388449 3.1594507 3.182366 3.2045937 3.223137 3.2302811 3.2362965 3.2417437 3.2471831 3.254233 3.2611988 3.267189 3.2713124 3.2724775 3.2670481 3.2562461 3.2412935 3.2129752 3.1811903 3.14934 3.1208253 3.1005639 3.0857271 3.0763702 3.0725487 3.0732579 3.0776065 3.0869339 3.1025795 3.1190497 3.1361736 3.1500524 3.1567872 3.1438105
3.8811391 3.8233429 3.7659348 3.7095422 3.6547925 3.6023132 3.5375378 3.4778549 3.4233379 3.3740604 3.3300959 3.2915178 3.2583995 3.2126004 3.1845648 3.17406 3.1808537 3.2047131 3.2454058 3.3026992 3.351513 3.4075341 3.4702358 3.5390916 3.6135749 3.6931591 3.7773176 3.8651084 3.9558104 4.0483154 4.1415154 4.2343022 4.3255679 4.4142043 4.4893568 4.5607771 4.6276448 4.6891389 4.744439 4.7927242 4.833174 4.8655283 4.8889558 4.9034546 4.9090229 4.9056588 4.8933605 4.8721261 4.8398187 4.7985319 4.7494582 4.6937902 4.6327205 4.5674416 4.4991462 4.4336937 4.3664388 4.2971601 4.2256367 4.1516473 4.0749708 3.995386 3.8811391
3.9444659 3.9502658 3.9515432 3.9476885 3.9380924 3.9221452 3.8909365 3.8491933 3.7984369 3.7401887 3.6759701 3.6073025 3.5357074 3.4028604 3.2671204 3.1301678 2.9936828 2.8593458 2.7288371 2.6038369 2.5220978 2.4449983 2.3737812 2.3096895 2.2539659 2.2078533 2.1725947 2.149179 2.1371275 2.135793 2.1445281 2.1626855 2.1896178 2.2246777 2.2619155 2.3048828 2.353482 2.4076156 2.467186 2.5320955 2.6022467 2.6785383 2.7588111 2.8417428 2.9260108 3.0102927 3.0932659 3.1736081 3.2552153 3.3324502 3.40544 3.4743116 3.5391923 3.6002092 3.6574894 3.707499 3.7540202 3.796694 3.8351616 3.8690639 3.8980419 3.9217368 3.9444659
4.0742415 4.0838826 4.0931836 4.1028326 4.1135175 4.1259264 4.1450795 4.1672777 4.1915951 4.217106 4.2428845 4.2680049 4.2915415 4.3123678 4.3302875 4.3448347 4.3555432 4.3619469 4.3635797 4.3599755 4.353981 4.3458838 4.3365977 4.3270365 4.3181139 4.3107439 4.3058401 4.3106732 4.3414345 4.3908842 4.4517821 4.5168883 4.5789627 4.6307655 4.6475954 4.6622635 4.6755616 4.6882817 4.7012157 4.7151554 4.7308927 4.7515029 4.7747304 4.7998941 4.8263126 4.8533047 4.8801889 4.9062841 4.920957 4.9347324 4.9472219 4.9580374 4.9667906 4.9730932 4.976557 4.9769748 4.9747996 4.9702662 4.9636096 4.9550645 4.9448659 4.9332487 4.922804 4.9118606 4.9007239 4.8896991 4.8790914 4.8692063 4.8603488 4.8357775 4.833318 4.851615 4.8733132 4.9050571 4.9374915 4.965261 4.9860082 4.9950399 4.9937732 4.9836257 4.9660147 4.9423576 4.9140717 4.8881384 4.8601049 4.830057 4.7980802 4.7642599 4.7286819 4.6914316 4.640904 4.5881302 4.533523 4.4774951 4.4204593 4.3628284 4.3050152 4.2688567 4.2324633 4.1955099 4.1576716 4.118623 4.0780393 4.0355952 4.0207944 4.0061961 3.9922542 3.9794228 3.9681558 3.9589071 3.9521309 3.9492486 3.9720792 4.014609 4.0708242 4.134711 4.2002556 4.2614442 4.2874003 4.3112091 4.3330659 4.3531661 4.3717049 4.3888776 4.4048797 4.4186364 4.4315881 4.4437461 4.4551216 4.465726 4.4755704 4.4846662 4.5007127 4.5133077 4.5220081 4.5263709 4.5259531 4.5203118 4.5090038 4.4965818 4.4810915 4.4629269 4.4424819 4.4201505 4.3963266 4.3714042 4.3276088 4.2821004 4.2351798 4.1871474 4.1383039 4.0889498 4.0393859 4.0119876 3.9847014 3.9576117 3.9308028 3.9043591 3.878365 3.8529048 3.8162844 3.7800977 3.7434315 3.7053726 3.6650079 3.6214242 3.5737084 3.5510325 3.5283469 3.5066456 3.4869226 3.4701717 3.4573872 3.4495628 3.4473865 3.4472046 3.4481958 3.4495385 3.4504113 3.4499927 3.4474612 3.4362343 3.4180862 3.3955362 3.3711034 3.3473071 3.3266663 3.3117004 3.3044021 3.3039867 3.3094526 3.319798 3.3340214 3.3511211 3.3700955 3.4071351 3.4463227 3.4869011 3.528113 3.5692012 3.6094088 3.6479783 3.6929185 3.7351575 3.7756968 3.8155382 3.8556834 3.8971339 3.9408914 3.9954576 4.0531629 4.1126821 4.17269 4.2318614 4.2888713 4.3423945 4.3959432 4.4432174 4.4837791 4.5171901 4.5430125 4.5608081 4.5701388 4.5710522 4.565162 4.5531007 4.5355004 4.5129936 4.4862126 4.4557896 4.4191105 4.3788668 4.3350655 4.2877133 4.2368169 4.1823833 4.1244191 4.0960764 4.0671356 4.0377722 4.0081616 3.9784794 3.9489009 3.9196017 3.8932267 3.8671458 3.8412745 3.8155283 3.7898228 3.7640734 3.7381957 3.6797011 3.6203476 3.5603375 3.4998728 3.4391559 3.3783889 3.3177741 3.2624206 3.2072978 3.1523381 3.0974737 3.042637 2.9877603 2.9327759 2.8655907 2.7982973 2.7310478 2.6639943 2.597289 2.531084 2.4655313 2.3624393 2.2605052 2.15884 2.0565544 1.9527595 1.846566 1.7370848 1.6217598 1.5046786 1.3884259 1.2755861 1.1687436 1.0704831 0.98338899 0.95359379 0.9250313100000001 0.89694651 0.86858435 0.83918976 0.80800773 0.77428319 0.7404861700000001 0.70442762 0.6666471899999999 0.62768449 0.58807918 0.54837087 0.50909921 0.47650286 0.44504401 0.41515573 0.38727108 0.36182313 0.33924495 0.31996959 0.30736953 0.29655409 0.28702709 0.27829231 0.26985357 0.26121465 0.25187937 0.23451112 0.21489425 0.1939082 0.17243241 0.15134633 0.1315294 0.11386106 0.091395114 0.076925433 0.07047126300000001 0.07205185 0.081686443 0.099394287 0.12519463 0.16609243 0.2157034 0.27120492 0.32977439 0.38858919 0.44482672 0.49566437 0.53391112 0.56752756 0.59811773 0.62728562 0.6566352600000001 0.68777066 0.72229585 0.75624747 0.7934124299999999 0.83318482 0.8749587599999999 0.91812833 0.96208765 1.0062308 1.0345308 1.0624885 1.0899373 1.1167106 1.142642 1.1675648 1.1913125 1.2239573 1.2551486 1.2863126 1.3188749 1.3542615 1.3938983 1.4392112 1.5047264 1.5751946 1.6444046 1.7061447 1.7542036 1.7823697 1.7844316 1.7682904 1.7397723 1.7017867 1.6572434 1.6090517 1.5601213 1.5133618 1.4674449 1.4273447 1.3927958 1.3635327 1.3392898 1.3198017 1.3048028 1.292089 1.2854123 1.2843602 1.2885202 1.2974798 1.3108267 1.3281484 1.3424769 1.3588042 1.377385 1.398474 1.4223261 1.4491959 1.4793382 1.5085863 1.5402296 1.5739504 1.6094311 1.6463539 1.6844011 1.7232549 1.7485882 1.7741157 1.7998285 1.8257177 1.8517743 1.8779896 1.9043545 1.9595824 2.0151403 2.0707496 2.1261315 2.1810076 2.2350991 2.2881274 2.3411787 2.3926281 2.4422873 2.489968 2.5354821 2.5786413 2.6192574 2.6687161 2.7151049 2.7600555 2.8051998 2.8521693 2.9025958 2.9581111 3.041024 3.1331385 3.2319135 3.3348079 3.4392808 3.5427911 3.6427978 3.6811407 3.7189521 3.7566571 3.7946808 3.8334483 3.8733847 3.9149151 3.936406 3.9579617 3.9791387 3.9994934 4.0185821 4.0359614 4.0511876 4.0742415
3.9819834 3.9978494 4.0152233 4.033147 4.0506626 4.0668122 4.0843054 4.0977976 4.107114 4.1120798 4.1125201 4.1082602 4.0991252 4.0853435 4.0675071 4.0464718 4.0230934 3.9982277 3.9727304 3.9474574 3.9296647 3.9125205 3.896102 3.8804865 3.8657512 3.8519734 3.8392304 3.8059007 3.7800706 3.7583277 3.7372599 3.7134546 3.6834997 3.6439828 3.624418 3.6038022 3.5832728 3.5639672 3.5470227 3.5335769 3.5247671 3.5211918 3.52285 3.5276209 3.5333836 3.5380171 3.5394006 3.5354132 3.5298251 3.5219588 3.5121311 3.5006587 3.4878585 3.4740473 3.4595419 3.4456246 3.4316942 3.4180682 3.4050642 3.3929998 3.3821926 3.3729602 3.3666845 3.3614178 3.3568837 3.3528063 3.3489091 3.3449161 3.340551 3.3131687 3.2746709 3.2272999 3.1732984 3.1149089 3.0543737 2.9939354 2.9271629 2.8633064 2.8022159 2.7437413 2.6877325 2.6340394 2.582512 2.5415361 2.501903 2.4635836 2.426549 2.3907701 2.3562179 2.3228634 2.2815226 2.2427133 2.2070087 2.1749818 2.1472058 2.1242535 2.1066983 2.0985214 2.0916726 2.0851421 2.0779202 2.0689971 2.057363 2.0420082 2.0358162 2.0292861 2.0226241 2.0160364 2.0097292 2.0039089 1.9987816 1.9877921 1.9844574 1.9866828 1.9923735 1.9994346 2.0057712 2.0092886 2.0093739 2.008172 2.0055058 2.001198 1.9950716 1.9869495 1.9766546 1.9652436 1.9520946 1.9374366 1.9214981 1.9045081 1.8866952 1.8682883 1.830001 1.7907335 1.7509961 1.7112992 1.6721531 1.6340682 1.5975548 1.5713979 1.5465435 1.5231142 1.5012326 1.4810214 1.4626034 1.4461011 1.4226403 1.404019 1.3892511 1.3773504 1.367331 1.3582066 1.3489911 1.3435264 1.3377686 1.3317546 1.3255212 1.319105 1.3125429 1.3058716 1.2959721 1.2864431 1.2778131 1.2706102 1.265363 1.2625995 1.2628483 1.2639311 1.2649343 1.2650741 1.2635665 1.2596276 1.2524736 1.2413206 1.2310621 1.2191252 1.2060937 1.1925514 1.1790819 1.1662689 1.1546962 1.1380883 1.125873 1.1165746 1.1087175 1.1008263 1.0914252 1.0790389 1.0629795 1.04373 1.0223926 1.0000696 0.97786335 0.95687603 0.93820995 0.91243522 0.89680386 0.89006716 0.89097642 0.89828293 0.91073799 0.9270928899999999 0.95117377 0.97808795 1.0065701 1.0353547 1.0631765 1.0887702 1.1108702 1.1307648 1.1439586 1.150172 1.149125 1.140538 1.1241312 1.0996247 1.0632548 1.018307 0.96636693 0.90902023 0.8478525099999999 0.78444938 0.72039647 0.6624398500000001 0.60529198 0.54897996 0.49353092 0.43897197 0.38533024 0.33263284 0.27656151 0.22303999 0.17346532 0.12923455 0.091744741 0.062392929 0.042576169 0.036838084 0.032870137 0.03004245 0.027725143 0.025288338 0.022102156 0.017536719 0.011789092 0.0048162056 -0.0029348596 -0.011017024 -0.018983208 -0.026386331 -0.032779313 -0.042218127 -0.045926904 -0.045443421 -0.04230546 -0.038050798 -0.034217215 -0.03234249 -0.033332831 -0.036483448 -0.04101017 -0.046128829 -0.051055255 -0.055005278 -0.05719473 -0.056677796 -0.052954299 -0.046594708 -0.038169489 -0.02824911 -0.017404038 -0.0062047412 0.011556951 0.029924571 0.050054301 0.073102321 0.10022481 0.13257795 0.17131793 0.21730815 0.26471754 0.30712638 0.33811499 0.35126365 0.34015266 0.29836232 0.27340083 0.24460415 0.21349996 0.18161593 0.15047973 0.12161903 0.096561517 0.07794590899999999 0.063816014 0.054129158 0.048842667 0.04791387 0.051300092 0.05895866 0.06877374 0.081527563 0.097106949 0.11539871 0.13628968 0.15966665 0.18541646 0.20707482 0.22982044 0.25336102 0.27740425 0.30165783 0.32582948 0.34962688 0.38691747 0.42296593 0.45827845 0.49336122 0.52872042 0.56486223 0.60229286 0.66648732 0.73395497 0.80324029 0.87288776 0.94144187 1.0074471 1.0694479 1.1368565 1.1984197 1.2560566 1.3116864 1.3672284 1.4246016 1.4857252 1.5431007 1.6036527 1.6662587 1.7297966 1.793144 1.8551786 1.9147781 1.9642256 2.0114232 2.0568415 2.1009512 2.1442231 2.1871279 2.2301363 2.2581471 2.28641 2.3149381 2.3437443 2.3728418 2.4022433 2.4319621 2.4760666 2.5207329 2.5658143 2.6111642 2.6566359 2.7020826 2.7473577 2.8036521 2.8591291 2.9134716 2.9663626 3.0174851 3.0665222 3.1131568 3.1437712 3.1735927 3.203115 3.2328316 3.263236 3.2948218 3.3280826 3.3668402 3.4080163 3.4514331 3.4969128 3.5442778 3.5933503 3.6439525 3.7083063 3.774248 3.8413011 3.9089889 3.9768348 4.0443624 4.111095 4.1570321 4.2020209 4.2457357 4.2878506 4.32804 4.365978 4.4013389 4.4300015 4.456387 4.4804507 4.5021482 4.5214351 4.5382668 4.552599 4.5605062 4.5674375 4.573474 4.5786964 4.5831858 4.5870231 4.5902892 4.5954318 4.5981488 4.5981342 4.5950818 4.5886857 4.5786399 4.5646382 4.5459171 4.5228907 4.4957439 4.4646615 4.4298285 4.3914297 4.34965 4.2903606 4.2280482 4.1651914 4.1042685 4.047758 3.9981383 3.9578879 3.9217744 3.9031008 3.8986055 3.905027 3.9191037 3.937574 3.9571765 3.9645029 3.9709162 3.9758403 3.9786991 3.9789167 3.9759168 3.9691234 3.9642552 3.95912 3.9545513 3.9513822 3.9504462 3.9525766 3.9586066 3.9819834
