2.0179704 2.0833103 2.1508792 2.2189109 2.2913865 2.3610972 2.4268138 2.5036858 2.5716033 2.6302108 2.6546536 2.6793142 2.696252060292323 4 4 4.0626179 4.1743679 4.2853507 4.3931178 4.5318679 4.6562223 4.7624749 4.8395077 4.899782 4.9438949 4.9679097 4.9821416 4.9867515 4.9810825 4.9637496 4.9337933 4.8923756 4.83848 4.7721706 4.67628 4.5652047 4.4417015 4.3459142 4.2479417 4.1507189 4.035957 3.9293758 3.892480899552682 3.375294521120972 3.4285855 3.4889204 3.5446964 3.6060144 3.6596982 3.7034946 3.7501413 3.7693847 3.7658565 3.7280849 3.6505114 3.5298436 3.3892637 3.2230885 3.0407991 2.9119646 2.784302 2.6620848 2.5690361 2.4853114 2.4137051 2.345869 2.2981032 2.2684554 2.2543914 2.2638726 2.2959054 2.3268561 2.327923262705882 2 0 0 0.43598767376662 0.4453272 0.51839285 0.59613846 0.67744081 0.8028224900000001 0.9325380599999999 1.0655506 1.176848 1.231007219578206 2 2.015914917007407 2.0179704
0.007102008 -0.0069750474 -0.010859602 -0.0060431694 0.0076473446 0.030039747 0.06134373 0.11436262 0.17963054 0.25438045 0.29137278 0.32754 0.3481260301461612 1 1.338236350237313 1.3221219 1.312446 1.3225357 1.3506913 1.4155916 1.5062684 1.6176122 1.7303504 1.8525833 1.9814242 2.0873512 2.1949545 2.3035332 2.4191885 2.5335704 2.6450954 2.7480626 2.8453182 2.9352511 3.0311475 3.1083618 3.1611913 3.1814263 3.1858179 3.1744524 3.1393306 3.0828371 3.053759550223659 3.312352739439514 3.3467967 3.3952957 3.4490719 3.5194782 3.5958331 3.677604 3.8202054 3.971009 4.125332 4.3414961 4.5440284 4.7216394 4.847185 4.9387324 4.989665 4.9979252 4.9833154 4.9450495 4.8958578 4.832015 4.7552923 4.6476308 4.5288712 4.4043203 4.2491371 4.0933642 3.9371469 3.8388156 3.836038368647059 4 3 1 0.78200616311669 0.77265504 0.7111672999999999 0.65539171 0.60483095 0.53829649 0.48064876 0.43036281 0.39512428 0.3844963902108969 0 0.00795745850370334 0.007102008
2.606477809825439 2.5861108 2.5355205 2.4815473 2.4460724 2.4087586 2.3696509 2.3354671 2.3002447 2.2641795 2.2323772 2.2002697 2.1680387 2.14323471447588 2.606477809825439
0.3032389049127194 0.28055752 0.23004143 0.18369566 0.15752197 0.13372037 0.11296356 0.098333314 0.086506238 0.077661249 0.072536513 0.06986721999999999 0.069730879 0.07161735723793988 0.3032389049127194
2 2 2.0480671 2.0981115 2.1501539 2.2072079 2.2673833 2.3300232 2.3995933 2.471001 2.5439865 2.606124 2.6688537 2.7318429 2.7956155 2.85912 2.9221634 2.9916456 3.05847 3.1207972 3.1668386 3.2084648 3.2454168 3.280040742718267 2.760162553038287 2.7449054 2.7054705 2.6631904 2.6262601 2.5888352 2.549732 2.5059858 2.461645 2.4193052 2.3901566 2.3594682 2.3232219 2.3117959 2.3023385 2.2975949 2.3034602 2.3205513 2.3410576 2.3722441 2.3965466 2.4233851 2.4329529 2.4415921 2.4473004 2.4487623 2.4476954 2.445531 2.4381239 2.434827 2.4322588 2.427521 2.4204399 2.4114638 2.403006526874867 2
1 1.584213461135385 1.6377924 1.6805662 1.7176235 1.755445 1.7921103 1.825317 1.8551673 1.8790116 1.8975286 1.9092409 1.9169307 1.9198383 1.9173343 1.9095868 1.8970419 1.877522 1.8510815 1.8162452 1.7811503 1.7405149 1.6952732 1.640020371359133 1.380081276519144 1.3939946 1.4220103 1.4479562 1.4685537 1.4858026 1.4980376 1.5045882 1.5072258 1.5094812 1.5120479 1.5123394 1.5063833 1.5031165 1.4996846 1.4967513 1.4940621 1.4929094 1.4918629 1.4870486 1.4801608 1.4740379 1.4725692 1.4702616 1.4659531 1.4597346 1.4519078 1.4434038 1.4054465 1.3708068 1.3371068 1.3015838 1.2653501 1.2292085 1.201503263437434 1
2.6127861 2.623217 2.6442992 2.6486321 2.653181 2.6578055 2.6980021 2.706785209016487 2.609455853329194 2.6127861
1.3270582 1.3582547 1.3738827 1.3742945 1.3742546 1.3738654 1.3598507 1.353392604508244 1.304727926664597 1.3270582
2 2.395144618035542 2.3920437 2.3770123 2.3548502 2.3256404 2.2994084 2.2688854 2.2336061 2.1973132 2.1582638 2.1180212 2.0884571 2.0543475 2.010957 2 2
3 2.802427690982229 2.7482375 2.6095703 2.4727986 2.3391745 2.2424018 2.1455502 2.0461236 1.9532021 1.8653326 1.7917626 1.7492141 1.6993457 1.6227642 1.600787534230906 3
